0
2
5
6
7
8
9
10
12
17
18
23
24
28
31
35
36
38
39
40
41
42
44
46
47
49
50
51
57
58
59
60
62
63
64
72
73
77
79
80
83
84
85
86
89
91
93
98
99
102
105
115
116
118
120
121
123
124
127
128
133
137
139
140
143
144
146
147
149
151
152
153
154
156
160
161
168
170
171
172
179
180
182
185
188
192
193
198
205
206
212
214
217
219
221
222
223
226
227
228
229
232
240
241
242
245
246
252
253
254
257
258
259
260
263
265
266
271
272
274
276
278
279
283
284
285
287
288
291
296
299
308
310
311
312
315
317
318
319
322
325
326
331
332
333
334
335
336
343
345
351
354
356
358
359
365
366
367
374
375
378
382
383
388
392
393
394
396
399
400
403
406
407
409
410
411
412
415
418
419
420
422
427
430
432
436
437
438
442
443
446
450
454
460
462
463
466
468
470
481
495
496
499
500
501
502
506
508
509
512
514
518
524
525
526
531
534
539
542
545
546
549
556
559
560
561
562
565
571
576
581
584
588
589
594
595
599
600
601
602
604
605
606
608
614
617
620
621
622
628
629
630
632
635
641
642
644
645
648
649
651
653
654
657
662
663
666
667
670
671
675
677
679
682
685
688
691
692
700
701
703
706
707
710
711
715
717
718
721
723
727
733
734
735
740
743
748
751
754
755
758
765
768
769
770
771
774
780
785
790
793
797
798
803
804
808
809
810
811
813
814
815
817
823
826
829
830
831
837
838
839
841
844
850
851
853
854
857
858
860
862
863
866
871
872
875
876
879
880
882
885
888
890
891
895
897
900
901
902
912
914
915
916
922
930
934
939
942
943
946
950
951
953
956
960
966
967
968
969
970
971
975
976
977
980
981
985
987
992
998
999
1003
1009
1017
1025
1031
1032
1034
1041
1044
1051
1052
1055
1061
1063
1066
1069
1071
1072
1078
1083
1086
1088
1089
1093
1095
1099
1102
1104
1106
1110
1115
1120
1121
1126
1128
1135
1147
1148
1155
1164
1168
1172
1174
1175
1179
1181
1183
1190
1202
1206
1207
1208
1210
1211
1215
1218
1220
1222
1224
1225
1228
1229
1230
1234
1235
1236
1239
1243
1244
1245
1247
1250
1253
1255
1256
1259
1260
1267
1271
1272
1276
1277
1278
1279
1282
1284
1285
1288
1293
1294
1297
1298
1300
1302
1304
1305
1309
1310
1314
1315
1316
1319
1324
1325
1327
1329
1332
1335
1337
1341
1342
1345
1346
1356
1358
1359
1362
1363
1367
1368
1371
1372
1373
1374
1377
1380
1381
1383
1386
1389
1391
1392
1395
1398
1399
1404
1406
1409
1410
1411
1414
1417
1418
1419
1421
1422
1432
1433
1440
1441
1442
1450
1451
1452
1457
1458
1466
1467
1469
1474
1475
1479
1480
1484
1485
1487
1488
1490
1494
1495
1496
1498
1500
1501
1503
1506
1509
1512
1514
1515
1521
1522
1524
1526
1531
1535
1536
1538
1541
1543
1544
1545
1546
1550
1552
1555
1556
1557
1558
1559
1564
1565
1566
1571
1572
1577
1579
1587
1588
1590
1593
1594
1597
1598
1606
1612
1615
1621
1622
1623
1624
1626
1627
1629
1630
1641
1644
1648
1649
1652
1653
1655
1658
1659
1664
1671
1672
1673
1677
1678
1679
1682
1683
1684
1686
1687
1693
1694
1695
1696
1702
1704
1705
1707
1709
1712
1713
1716
1717
1720
1724
1725
1726
1728
1736
1738
1741
1742
1744
1745
1749
1752
1754
1755
1757
1768
1770
1771
1774
1776
1777
1779
1780
1786
1788
1789
1790
1797
1798
1801
1807
1810
1814
1817
1819
1820
1827
1828
1829
1832
1841
1845
1847
1848
1849
1856
1857
1859
1860
1866
1868
1878
1879
1881
1883
1890
1892
1897
1900
1901
1902
1903
1904
1912
1914
1915
1917
1918
1921
1923
1925
1928
1931
1933
1934
1935
1940
1945
1946
1953
1956
1963
1964
1965
1966
1975
1976
1978
1984
1985
1987
1988
1989
1995
1997
1998
2000
2003
2005
2007
2008
2009
2010
2011
2012
2021
2030
2031
2034
2036
2039
2040
2041
2043
2044
2048
2049
2052
2058
2064
2065
2069
2070
2071
2073
2075
2084
2085
2087
2089
2090
2091
2092
2098
2099
2101
2102
2106
2110
2114
2118
2119
2120
2122
2123
2125
2133
2135
2137
2138
2139
2141
2145
2146
2149
2150
2152
2161
2165
2168
2169
2171
2173
2176
2179
2180
2181
2182
2183
2185
2186
2190
2192
2194
2195
2198
2203
2205
2209
2211
2214
2220
2222
2226
2227
2230
2235
2237
2240
2245
2247
2250
2251
2254
2258
2261
2268
2274
2279
2284
2287
2291
2295
2297
2300
2302
2304
2306
2310
2311
2317
2319
2320
2321
2322
2324
2325
2327
2328
2329
2330
2331
2332
2334
2339
2340
2348
2349
2351
2355
2356
2361
2365
2368
2370
2371
2380
2381
2382
2385
2388
2394
2396
2398
2399
2400
2401
2403
2408
2412
2414
2415
2416
2424
2427
2450
2451
2452
2453
2457
2463
2464
2465
2474
2477
2478
2480
2481
2487
2493
2494
2500
2502
2504
2507
2519
2520
2522
2523
2536
2540
2541
2547
2553
2564
2567
2573
2579
2582
2586
2588
2592
2600
2601
2602
2608
2609
2612
2615
2627
2640
2659
2662
2672
2675
2677
2678
2686
2693
2702
2712
2723
2727
2729
2748
2755
2758
2759
2771
2772
2779
2781
2782
2789
2790
2791
2793
2797
2802
2809
2820
2830
2834
2845
2847
2853
2855
2857
2872
2875
2881
2884
2888
2893
2895
2904
2905
2907
2911
2918
2926
2928
2932
2941
2945
2956
2961
2969
2970
2983
2993
3009
3018
3044
3054
3058
3063
3064
3070
3092
3103
3121
3125
3128
3139
3141
3144
3146
3150
3153
3159
3163
3165
3167
3173
3180
3183
3212
3231
3232
3235
3238
3240
3245
3253
3254
3258
3259
3266
3267
3282
3289
3290
3296
3300
3301
3302
3304
3305
3314
3315
3316
3319
3320
3327
3331
3346
3361
3366
3368
3374
3375
3391
3394
3403
3415
3423
3428
3433
3434
3435
3438
3445
3453
3454
3457
3461
3463
3464
3466
3468
3472
3476
3482
3486
3490
3496
3503
3513
3514
3517
3522
3525
3555
3557
3559
3568
3570
3580
3587
3601
3604
3605
3612
3616
3638
3640
3653
3655
3658
3662
3664
3670
3671
3673
3682
3685
3687
3694
3711
3713
3725
3739
3748
3758
3759
3764
3774
3779
3782
3785
3795
3809
3813
3816
3819
3820
3822
3824
3829
3833
3835
3837
3864
3869
3870
3881
3887
3889
3895
3897
3898
3917
3919
3920
3924
3928
3947
3950
3953
3963
3964
3966
3968
3969
3974
3979
3981
3984
3990
3993
3994
4010
4011
4013
4018
4031
4036
4049
4053
4056
4063
4066
4079
4090
4095
4100
4106
4109
4112
4117
4120
4141
4146
4157
4163
4176
4178
4181
4184
4195
4196
4198
4207
4208
4211
4212
4220
4230
4235
4238
4244
4248
4255
4256
4259
4264
4271
4273
4288
4292
4293
4312
4313
4315
4316
4321
4323
4325
4330
4331
4333
4338
4347
4349
4351
4355
4356
4359
4364
4365
4372
4373
4377
4378
4381
4382
4385
4390
4396
4397
4398
4399
4401
4406
4407
4409
4411
4415
4416
4418
4419
4423
4424
4430
4431
4432
4435
4439
4441
4442
4444
4452
4454
4457
4460
4462
4463
4466
4468
4471
4473
4475
4476
4477
4485
4490
4496
4501
4507
4508
4514
4515
4517
4519
4521
4525
4529
4532
4534
4535
4539
4540
4542
4544
4548
4549
4555
4559
4560
4561
4563
4564
4565
4586
4595
4597
4599
4607
4614
4616
4620
4625
4626
4628
4631
4632
4636
4643
4646
4649
4650
4651
4652
4654
4656
4658
4662
4664
4665
4666
4674
4675
4676
4684
4688
4691
4699
4700
4702
4703
4706
4707
4708
4713
4715
4716
4718
4721
4723
4728
4729
4731
4742
4745
4749
4752
4757
4759
4760
4764
4765
4768
4771
4778
4779
4780
4784
4786
4788
4790
4792
4794
4795
4797
4799
4800
4803
4804
4806
4809
4811
4817
4818
4819
4820
4826
4827
4828
4832
4833
4834
4835
4838
4840
4841
4843
4846
4851
4854
4855
4859
4860
4861
4863
4867
4868
4877
4881
4882
4892
4898
4904
4905
4907
4917
4918
4919
4920
4923
4924
4930
4934
4937
4942
4958
4959
4960
4962
4964
4968
4973
4974
4978
4983
4994
5002
5004
5013
5017
5018
5020
5025
5028
5038
5041
5043
5049
5052
5054
5055
5058
5062
5071
5076
5082
5083
5085
5086
5089
5093
5095
5099
5101
5103
5112
5115
5121
5123
5127
5130
5133
5134
5137
5144
5151
5152
5153
5154
5156
5161
5164
5169
5171
5172
5174
5176
5178
5179
5182
5183
5185
5189
5195
5197
5201
5204
5209
5214
5215
5216
5222
5230
5231
5239
5241
5243
5249
5250
5253
5258
5259
5262
5264
5265
5270
5271
5272
5273
5279
5280
5285
5288
5289
5297
5307
5308
5314
5315
5318
5322
5334
5341
5342
5349
5352
5362
5368
5373
5375
5376
5377
5379
5381
5384
5385
5387
5398
5405
5414
5425
5427
5430
5433
5440
5445
5449
5450
5451
5452
5460
5461
5466
5473
5478
5481
5488
5490
5491
5495
5497
5499
5506
5514
5519
5520
5548
5550
5552
5556
5559
5579
5581
5582
5586
5598
5602
5608
5610
5617
5618
5620
5623
5624
5630
5640
5642
5644
5645
5646
5647
5649
5651
5654
5659
5669
5670
5674
5681
5683
5685
5709
5711
5713
5719
5727
5732
5734
5739
5740
5746
5748
5754
5760
5764
5766
5771
5777
5779
5784
5787
5792
5797
5801
5802
5803
5804
5809
5811
5813
5815
5816
5817
5824
5828
5831
5837
